53	1	0	1	1
68	1	1	1	1
103	0	0	0	1
106	1	1	1	1
118	0	1	1	1
148	1	1	1	1
149	1	1	1	1
153	1	1	1	1
163	0	1	1	1
168	1	1	1	1
171	-1	-1	0	1
174	1	1	1	1
180	1	1	1	1
263	1	1	1	1
275	0	1	1	1
279	1	1	1	1
280	1	1	1	1
305	1	1	1	1
306	1	1	1	1
313	1	1	1	1
324	1	1	1	1
336	1	0	1	1
338	1	1	1	0
349	1	1	1	1
375	-1	-1	1	0
399	1	1	1	1
400	1	1	1	1
412	0	1	1	1
417	1	1	1	1
442	0	1	1	1
469	1	1	1	1
510	1	1	0	1
518	1	1	1	1
554	1	1	1	1
590	1	1	1	1
605	1	1	1	1
619	1	1	1	1
627	0	1	0	1
660	1	1	1	1
663	1	1	1	1
666	1	1	1	1
690	1	1	1	1
705	0	1	1	1
718	1	1	1	1
723	1	1	1	1
728	1	1	1	1
753	1	1	1	1
802	1	1	0	0
828	0	1	1	1
852	1	1	1	1
1530	1	1	1	1
1817	1	1	1	1
2726	1	1	1	1
2995	1	1	1	1
3240	1	1	1	1
3518	1	1	1	1
3611	1	1	1	1
3672	1	1	1	1
4089	1	1	1	1
4231	1	1	1	1
4414	1	1	1	1
4598	1	1	1	1
4830	1	1	1	1
4842	1	1	1	1
4927	1	1	1	1
4998	1	1	1	1
5215	1	1	1	1
5863	1	1	1	1
5875	1	1	1	1
6290	1	1	1	1
6294	0	1	1	1
6297	1	1	1	1
6298	1	0	1	1
6306	1	1	1	1
6308	1	1	1	1
6310	1	1	1	1
6313	1	1	1	0
6316	1	1	1	0
6317	1	1	1	0
6318	1	1	1	0
6319	1	1	1	0
6320	1	1	1	0
6321	1	1	1	0
6325	1	1	1	0
6326	1	1	1	0
6328	1	1	1	0
6330	1	1	1	0
6331	1	1	1	0
6332	1	1	1	0
6333	1	1	1	0
6334	1	1	1	0
6335	1	1	0	0
6339	1	1	0	0
6341	1	1	1	0
6376	1	1	1	0
6380	1	1	0	0
6447	1	1	1	0
6455	1	1	1	0
6460	1	1	1	0
6533	1	1	1	0
6660	1	1	1	1
6666	1	1	1	1
6682	1	1	0	1
6684	1	1	1	1
6686	1	1	0	0
6688	1	1	1	1
6690	1	0	1	1
6696	1	1	1	1
6698	0	1	1	1
6700	1	1	1	1
6702	1	1	1	1
6929	1	1	1	0
6931	1	1	1	0
6999	1	1	1	1
7073	1	1	1	1
7089	1	1	1	1
7091	1	1	1	1
7167	1	1	1	0
7175	1	1	1	1
7187	1	1	1	1
7259	1	1	1	1
7297	1	1	1	1
7299	1	1	1	1
7331	1	1	1	1
7337	1	1	1	1
7355	1	1	1	1
7367	1	1	1	1
7396	1	1	1	0
7583	1	1	1	0
7586	1	1	1	1
7587	1	1	0	1
7588	1	1	1	1
7589	1	1	1	1
7592	-1	1	0	1
7596	1	1	1	0
7598	1	1	1	1
7605	0	1	1	1
7606	1	1	0	1
7608	1	1	0	1
7610	1	1	1	1
7614	1	1	1	1
7641	1	1	1	0
7655	1	1	0	0
7664	1	1	1	0
7666	-1	-1	0	0
7671	1	1	1	0
7672	1	1	1	1
7675	1	1	1	0
7676	1	1	1	0
7700	1	1	1	0
7730	0	1	1	1
7760	1	1	1	1
7817	1	1	1	1
7822	1	1	0	1
7823	1	1	0	1
7890	1	1	0	1
7941	1	1	0	0
7953	1	1	1	1
7970	1	1	1	0
8139	1	1	1	1
8141	-1	-1	1	1
8142	1	1	1	1
8151	1	0	1	0
8152	1	1	0	0
8160	1	1	1	0
8163	1	1	0	0
8168	1	1	1	1
8171	1	1	0	1
8173	1	1	1	1
8175	1	1	1	0
8176	-1	-1	0	0
8182	1	1	1	0
8184	0	1	0	0
8187	1	1	1	0
8189	1	1	1	1
8190	0	1	0	0
8195	1	1	1	0
8198	1	1	0	0
8200	1	1	0	0
8203	1	1	1	0
8205	1	1	1	0
8211	1	1	1	0
8214	-1	-1	0	1
8216	0	1	0	0
8218	0	1	1	0
8219	1	1	1	0
8221	1	1	0	0
8224	0	1	1	0
8225	1	1	1	0
8230	-1	-1	0	0
8231	1	1	1	0
8236	1	1	1	0
8241	1	1	1	1
8246	0	1	1	0
8248	1	1	1	1
8252	1	1	1	1
8254	1	1	1	0
8257	1	1	1	0
8262	1	1	1	1
8264	0	0	1	0
8271	0	0	1	1
8273	1	1	0	0
8274	1	1	1	0
8276	1	1	1	1
8279	1	1	1	0
8283	1	1	1	0
8284	1	1	1	0
8286	1	1	0	0
8287	1	1	1	1
8288	1	1	1	1
8292	0	1	1	0
8296	0	0	1	0
8302	0	0	1	1
8303	1	1	0	0
8304	1	1	0	0
8306	1	1	1	1
8307	0	1	1	0
8308	1	1	0	1
8312	1	1	1	0
8316	1	1	1	0
8317	-1	-1	0	0
8318	1	1	1	0
8320	0	1	1	0
8321	-1	-1	0	1
8323	1	1	1	1
8327	1	1	1	1
8328	1	1	1	0
8329	1	1	1	1
8331	1	0	1	1
8332	0	1	1	1
8338	0	1	1	1
8339	1	1	1	1
8346	1	1	0	0
8355	0	0	1	0
8360	1	1	0	1
8364	1	0	0	0
8365	1	1	1	0
8366	1	1	1	1
8371	1	1	1	1
8373	1	1	0	0
8375	1	1	1	1
8377	1	0	1	1
8378	1	1	1	1
8386	1	1	0	0
8390	1	1	1	0
8395	0	1	1	1
8397	1	1	0	0
8406	1	1	1	1
8413	1	1	1	1
8415	-1	-1	0	0
8419	1	1	1	1
8422	1	0	1	0
8431	1	1	0	0
8435	1	1	1	0
8436	1	1	1	0
8439	1	0	0	0
8441	1	1	1	1
8444	1	1	1	1
8450	1	1	1	0
8454	1	1	0	0
8455	1	1	1	0
8457	1	1	1	1
8465	-1	-1	1	1
8469	1	1	0	1
8470	1	0	0	1
8483	1	1	0	1
8484	1	0	0	0
8507	-1	-1	0	1
8518	0	0	0	1
8522	-1	-1	0	1
8523	0	1	1	1
8524	1	1	1	1
