53
68
103
106
118
148
149
153
163
168
171
174
180
263
275
279
280
305
306
313
324
336
338
349
375
399
400
412
417
442
469
510
518
554
590
605
619
627
660
663
666
690
705
718
723
728
753
802
828
852
1530
1817
2726
2995
3240
3518
3611
3672
4089
4231
4414
4598
4830
4842
4927
4998
5215
5863
5875
6290
6294
6297
6298
6306
6308
6310
6313
6316
6317
6318
6319
6320
6321
6325
6326
6328
6330
6331
6332
6333
6334
6335
6339
6341
6376
6380
6447
6455
6460
6533
6660
6666
6682
6684
6686
6688
6690
6696
6698
6700
6702
6929
6931
6999
7073
7089
7091
7167
7175
7187
7259
7297
7299
7331
7337
7355
7367
7396
7583
7586
7587
7588
7589
7592
7596
7598
7605
7606
7608
7610
7614
7641
7655
7664
7666
7671
7672
7675
7676
7700
7730
7760
7817
7822
7823
7890
7941
7953
7970
8139
8141
8142
8151
8152
8160
8163
8168
8171
8173
8175
8176
8182
8184
8187
8189
8190
8195
8198
8200
8203
8205
8211
8214
8216
8218
8219
8221
8224
8225
8230
8231
8236
8241
8246
8248
8252
8254
8257
8262
8264
8271
8273
8274
8276
8279
8283
8284
8286
8287
8288
8292
8296
8302
8303
8304
8306
8307
8308
8312
8316
8317
8318
8320
8321
8323
8327
8328
8329
8331
8332
8338
8339
8346
8355
8360
8364
8365
8366
8371
8373
8375
8377
8378
8386
8390
8395
8397
8406
8413
8415
8419
8422
8431
8435
8436
8439
8441
8444
8450
8454
8455
8457
8465
8469
8470
8483
8484
8507
8518
8522
8523
8524

