53 1.96 1.88 2.55
68 1.94 1.83 2.55
103 2.08 2.36 1.42
106 2.09 2.34 1.42
118 2.08 2.36 1.42
148 2.08 2.36 1.42
149 2.07 2.23 1.42
153 2.08 2.28 1.42
163 2.09 2.30 1.42
168 1.97 1.91 2.55
171 2.06 2.18 1.42
174 2.08 2.36 1.42
180 2.09 2.30 1.42
263 2.09 2.35 1.42
275 2.07 2.36 1.42
279 2.08 2.26 1.42
280 2.00 2.00 2.55
305 2.08 2.36 1.42
306 2.08 2.36 1.42
313 1.91 1.76 2.55
324 2.08 2.36 1.42
336 2.03 2.10 2.55
338 2.03 2.10 2.55
349 2.08 2.27 1.42
375 2.08 2.27 1.42
399 1.91 1.77 2.55
400 2.09 2.36 1.42
412 2.03 2.10 2.55
417 1.91 1.77 2.55
442 1.87 1.66 2.55
469 2.07 2.22 1.42
510 2.09 2.33 1.42
518 1.92 1.79 2.55
554 2.07 2.36 1.42
590 2.08 2.25 1.42
605 2.09 2.31 1.42
619 1.84 1.57 2.55
627 1.91 1.77 2.55
660 2.09 2.35 1.42
663 1.98 1.95 2.55
666 1.97 1.92 2.55
690 2.09 2.35 1.42
705 1.91 1.77 2.55
718 1.99 1.97 2.55
723 2.09 2.35 1.42
728 2.00 2.01 2.55
753 2.07 2.24 1.42
802 1.81 1.50 2.55
828 2.08 2.36 1.42
852 1.78 1.44 2.55
1530 2.09 2.35 1.42
1817 2.09 2.31 1.42
2726 2.09 2.35 1.42
2995 2.04 2.11 2.55
3240 2.08 2.24 1.42
3518 2.00 1.99 2.55
3611 1.95 1.85 2.55
3672 2.02 2.05 2.55
4089 2.09 2.35 1.42
4231 2.09 2.30 1.42
4414 2.04 2.13 2.55
4598 1.84 1.58 2.55
4830 1.84 1.58 2.55
4842 2.09 2.35 1.42
4927 1.96 1.89 2.55
4998 1.91 1.76 2.55
5215 1.83 1.55 2.55
5863 1.99 1.97 2.55
5875 1.83 1.54 2.55
6290 2.08 2.25 1.42
6294 1.87 1.66 2.55
6297 2.08 2.24 1.42
6298 2.09 2.35 1.42
6306 2.02 2.07 2.55
6308 1.99 1.97 2.55
6310 2.09 2.30 1.42
6313 1.97 1.91 2.55
6316 2.00 2.00 2.55
6317 1.88 1.68 2.55
6318 1.99 1.96 2.55
6319 2.03 2.09 2.55
6320 1.99 1.97 2.55
6321 2.07 2.22 1.42
6325 2.09 2.31 1.42
6326 1.83 1.54 2.55
6328 1.96 1.88 2.55
6330 2.07 2.22 1.42
6331 1.87 1.65 2.55
6332 1.79 1.46 2.55
6333 1.85 1.60 2.55
6334 1.96 1.89 2.55
6335 2.01 2.02 2.55
6339 1.91 1.77 2.55
6341 1.96 1.88 2.55
6376 2.02 2.05 2.55
6380 1.88 1.67 2.55
6447 1.95 1.87 2.55
6455 1.89 1.71 2.55
6460 1.96 1.89 2.55
6533 1.94 1.85 2.55
6660 2.09 2.29 1.42
6666 2.09 2.31 1.42
6682 1.92 1.79 2.55
6684 1.96 1.90 2.55
6686 2.01 2.02 2.55
6688 2.09 2.34 1.42
6690 2.07 2.22 1.42
6696 2.03 2.08 2.55
6698 2.03 2.10 2.55
6700 2.08 2.36 1.42
6702 2.07 2.23 1.42
6929 2.07 2.23 1.42
6931 1.84 1.56 2.55
6999 2.09 2.31 1.42
7073 2.08 2.27 1.42
7089 2.03 2.09 2.55
7091 2.00 2.01 2.55
7167 2.07 2.24 1.42
7175 2.03 2.09 2.55
7187 2.08 2.36 1.42
7259 2.03 2.10 2.55
7297 2.08 2.25 1.42
7299 1.92 1.79 2.55
7331 1.85 1.59 2.55
7337 1.87 1.66 2.55
7355 2.08 2.28 1.42
7367 1.96 1.90 2.55
7396 1.96 1.88 2.55
7583 2.08 2.36 1.42
7586 2.08 2.36 1.42
7587 2.09 2.35 1.42
7588 2.09 2.33 1.42
7589 1.89 1.70 2.55
7592 2.08 2.28 1.42
7596 2.02 2.07 2.55
7598 2.00 2.01 2.55
7605 1.87 1.66 2.55
7606 1.86 1.63 2.55
7608 1.83 1.55 2.55
7610 1.81 1.50 2.55
7614 1.80 1.46 2.55
7641 2.08 2.36 1.42
7655 2.08 2.26 1.42
7664 2.06 2.17 1.42
7666 2.03 2.10 2.55
7671 1.99 1.97 2.55
7672 1.99 1.96 2.55
7675 1.96 1.89 2.55
7676 1.96 1.89 2.55
7700 1.85 1.60 2.55
7730 2.09 2.35 1.42
7760 2.09 2.30 1.42
7817 2.03 2.10 2.55
7822 2.03 2.09 2.55
7823 2.03 2.09 2.55
7890 1.93 1.82 2.55
7941 1.86 1.63 2.55
7953 1.84 1.58 2.55
7970 1.83 1.54 2.55
8139 2.08 2.36 1.42
8141 2.04 2.11 2.55
8142 2.02 2.07 2.55
8151 2.08 2.24 1.42
8152 1.96 1.89 2.55
8160 1.90 1.72 2.55
8163 1.82 1.53 2.55
8168 2.07 2.36 1.42
8171 1.92 1.79 2.55
8173 1.96 1.89 2.55
8175 1.92 1.79 2.55
8176 1.94 1.83 2.55
8182 1.91 1.76 2.55
8184 1.96 1.89 2.55
8187 1.96 1.89 2.55
8189 2.07 2.36 1.42
8190 1.84 1.57 2.55
8195 1.84 1.58 2.55
8198 1.99 1.96 2.55
8200 1.93 1.80 2.55
8203 1.84 1.57 2.55
8205 2.00 2.00 2.55
8211 1.82 1.52 2.55
8214 1.78 1.44 2.55
8216 1.98 1.94 2.55
8218 1.91 1.76 2.55
8219 1.83 1.55 2.55
8221 1.87 1.66 2.55
8224 1.96 1.89 2.55
8225 1.94 1.83 2.55
8230 1.92 1.79 2.55
8231 1.99 1.97 2.55
8236 2.09 2.31 1.42
8241 2.07 2.36 1.42
8246 2.08 2.36 1.42
8248 2.08 2.36 1.42
8252 2.09 2.33 1.42
8254 2.04 2.13 2.55
8257 2.09 2.29 1.42
8262 2.04 2.12 2.55
8264 1.83 1.54 2.55
8271 2.03 2.10 2.55
8273 2.02 2.04 2.55
8274 2.09 2.30 1.42
8276 2.04 2.13 2.55
8279 2.07 2.22 1.42
8283 2.05 2.16 1.42
8284 2.07 2.24 1.42
8286 1.98 1.94 2.55
8287 2.00 2.01 2.55
8288 2.08 2.25 1.42
8292 1.99 1.97 2.55
8296 1.99 1.96 2.55
8302 2.00 2.01 2.55
8303 2.00 2.00 2.55
8304 1.99 1.98 2.55
8306 1.99 1.97 2.55
8307 2.03 2.10 2.55
8308 2.03 2.09 2.55
8312 2.05 2.16 1.42
8316 1.96 1.90 2.55
8317 2.01 2.02 2.55
8318 2.09 2.30 1.42
8320 2.09 2.35 1.42
8321 2.01 2.02 2.55
8323 2.09 2.35 1.42
8327 2.07 2.24 1.42
8328 1.97 1.91 2.55
8329 2.07 2.23 1.42
8331 2.04 2.11 2.55
8332 2.08 2.36 1.42
8338 2.09 2.35 1.42
8339 2.09 2.35 1.42
8346 2.08 2.26 1.42
8355 2.03 2.10 2.55
8360 2.08 2.36 1.42
8364 2.08 2.36 1.42
8365 1.96 1.89 2.55
8366 2.07 2.36 1.42
8371 1.83 1.54 2.55
8373 1.94 1.83 2.55
8375 2.03 2.10 2.55
8377 2.08 2.36 1.42
8378 2.09 2.36 1.42
8386 2.09 2.35 1.42
8390 2.08 2.36 1.42
8395 2.09 2.35 1.42
8397 1.98 1.94 2.55
8406 2.08 2.36 1.42
8413 2.07 2.23 1.42
8415 2.09 2.36 1.42
8419 1.92 1.79 2.55
8422 2.08 2.24 1.42
8431 1.83 1.55 2.55
8435 2.01 2.02 2.55
8436 1.99 1.96 2.55
8439 2.09 2.31 1.42
8441 2.09 2.36 1.42
8444 2.07 2.23 1.42
8450 2.07 2.23 1.42
8454 2.08 2.27 1.42
8455 2.09 2.31 1.42
8457 2.05 2.15 1.42
8465 2.08 2.36 1.42
8469 2.08 2.36 1.42
8470 2.08 2.24 1.42
8483 2.05 2.16 1.42
8484 2.08 2.24 1.42
8507 2.07 2.22 1.42
8518 2.07 2.36 1.42
8522 2.08 2.36 1.42
8523 2.07 2.36 1.42
8524 2.08 2.36 1.42
