53 10441 53.15839 -27.78676 4.77982 53.15811 -27.78637
68 8059 53.17120 -27.77847 4.93994 53.17119 -27.77846
103 7876 53.16638 -27.77988 2.99395 53.16627 -27.77985
106 9863 53.16379 -27.77893 3.27655 53.16373 -27.77908
118 23839 53.15717 -27.78031 3.02135 53.15709 -27.78027
148 9408 53.16768 -27.77476 3.06988 53.16760 -27.77472
149 9814 53.16792 -27.77870 3.72144 53.16787 -27.77862
153 9449 53.16818 -27.77531 3.55159 53.16807 -27.77527
163 22230 53.16492 -27.78526 3.46430 53.16492 -27.78525
168 8247 53.17025 -27.77737 4.70414 53.17020 -27.77732
171 10190 53.16603 -27.78277 3.88339 53.16603 -27.78277
174 23408 53.16002 -27.78354 2.99342 53.15997 -27.78350
180 7901 53.16392 -27.77976 3.46038 53.16396 -27.77969
263 24154 53.16284 -27.77659 3.18902 53.16269 -27.77664
275 22429 53.17107 -27.78720 2.93248 53.17097 -27.78716
279 23498 53.15914 -27.78415 3.60642 53.15916 -27.78411
280 25223 53.15776 -27.78232 4.44388 53.15770 -27.78219
305 7527 53.16912 -27.78104 3.04467 53.16908 -27.78100
306 7646 53.17126 -27.78076 3.02468 53.17125 -27.78070
313 10178 53.17095 -27.78243 5.13783 53.17093 -27.78243
324 7540 53.17101 -27.78126 2.99682 53.17100 -27.78119
336 8511 53.16743 -27.77543 4.13810 53.16741 -27.77541
338 -9999 53.15688 -27.78620 4.13805 nan nan
349 10199 53.16372 -27.78309 3.59982 53.16371 -27.78292
375 -9999 53.15657 -27.78154 3.59746 nan nan
399 10185 53.15468 -27.78359 5.13720 53.15463 -27.78360
400 25090 53.16322 -27.77915 3.08960 53.16318 -27.77911
412 4564 53.16994 -27.78693 4.13610 53.16994 -27.78690
417 25100 53.15788 -27.78004 5.13206 53.15786 -27.78000
442 6775 53.16504 -27.78487 5.47209 53.16499 -27.78485
469 6715 53.17088 -27.78482 3.76484 53.17082 -27.78478
510 4646 53.15443 -27.78737 3.33524 53.15440 -27.78735
518 7150 53.16856 -27.78281 5.05826 53.16852 -27.78279
554 10423 53.16360 -27.78593 2.93949 53.16357 -27.78594
590 7572 53.17019 -27.78109 3.67430 53.17011 -27.78103
605 23861 53.15682 -27.77982 3.43936 53.15676 -27.77980
619 9980 53.16485 -27.77937 5.78763 53.16482 -27.77931
627 10198 53.15343 -27.78320 5.13513 53.15339 -27.78318
660 4607 53.15801 -27.78709 3.19199 53.15797 -27.78709
663 6736 53.16693 -27.78431 4.57934 53.16689 -27.78429
666 4805 53.16291 -27.78520 4.67132 53.16291 -27.78518
690 9804 53.16014 -27.77837 3.17294 53.16014 -27.77839
705 6648 53.16063 -27.78535 5.13165 53.16054 -27.78534
718 6632 53.16856 -27.78554 4.52485 53.16851 -27.78548
723 10062 53.15996 -27.78109 3.18918 53.15995 -27.78109
728 4598 53.16492 -27.78704 4.40182 53.16487 -27.78706
753 4452 53.16624 -27.78631 3.70885 53.16623 -27.78633
802 9550 53.16856 -27.77565 6.11050 53.16852 -27.77559
828 7900 53.15707 -27.77966 3.02102 53.15700 -27.77964
852 9768 53.16906 -27.77881 6.63444 53.16903 -27.77876
1530 7002 53.17672 -27.78409 3.19186 53.17666 -27.78380
1817 25426 53.15613 -27.78976 3.41537 53.15611 -27.78979
2726 10314 53.17157 -27.78504 3.13763 53.17139 -27.78481
2995 5999 53.16479 -27.79365 4.11114 53.16476 -27.79360
3240 8022 53.17145 -27.77904 3.69584 53.17138 -27.77899
3518 6226 53.16818 -27.79454 4.47140 53.16819 -27.79449
3611 5313 53.15989 -27.78987 4.86586 53.15991 -27.78983
3672 22678 53.16592 -27.78943 4.27473 53.16587 -27.78936
4089 23252 53.15876 -27.79398 3.15748 53.15875 -27.79399
4231 7867 53.17283 -27.77987 3.47066 53.17286 -27.77978
4414 6165 53.16837 -27.79426 4.04489 53.16832 -27.79419
4598 6158 53.16712 -27.79420 5.77644 53.16709 -27.79417
4830 5296 53.16209 -27.79048 5.77697 53.16204 -27.79051
4842 10541 53.15914 -27.78848 3.17212 53.15914 -27.78846
4927 22692 53.15537 -27.78954 4.77173 53.15532 -27.78947
4998 6346 53.16705 -27.79498 5.14994 53.16701 -27.79495
5215 23082 53.16247 -27.79270 5.90015 53.16246 -27.79266
5863 5936 53.16473 -27.79326 4.52462 53.16474 -27.79325
5875 23115 53.16162 -27.79296 5.91612 53.16159 -27.79290
6290 8147 53.16932 -27.77816 3.66658 53.16930 -27.77811
6294 22260 53.16611 -27.78570 5.47162 53.16609 -27.78567
6297 22202 53.15933 -27.78504 3.69681 53.15926 -27.78497
6298 10077 53.16950 -27.78143 3.13744 53.16925 -27.78126
6306 4522 53.15305 -27.78676 4.23149 53.15304 -27.78671
6308 9385 53.16460 -27.77504 4.51776 53.16455 -27.77503
6310 10288 53.16498 -27.78409 3.46881 53.16494 -27.78405
6313 -9999 53.15814 -27.78070 4.70677 nan nan
6316 -9999 53.17051 -27.77837 4.44280 nan nan
6317 -9999 53.16774 -27.77743 5.40342 nan nan
6318 -9999 53.16667 -27.77654 4.55625 nan nan
6319 -9999 53.16580 -27.78131 4.17753 nan nan
6320 -9999 53.16469 -27.78578 4.51534 nan nan
6321 -9999 53.16341 -27.78036 3.76365 nan nan
6325 -9999 53.16241 -27.78632 3.41643 nan nan
6326 -9999 53.16234 -27.77743 5.91814 nan nan
6328 -9999 53.16184 -27.77754 4.77679 nan nan
6330 -9999 53.16061 -27.77889 3.74881 nan nan
6331 -9999 53.15851 -27.77809 5.52995 nan nan
6332 -9999 53.15820 -27.77848 6.33475 nan nan
6333 -9999 53.15701 -27.78715 5.68915 nan nan
6334 -9999 53.15575 -27.78726 4.76811 nan nan
6335 -9999 53.15512 -27.78332 4.37083 nan nan
6339 -9999 53.15424 -27.78237 5.13143 nan nan
6341 -9999 53.15261 -27.78382 4.77714 nan nan
6376 -9999 53.16888 -27.79420 4.28427 nan nan
6380 -9999 53.16266 -27.79554 5.44869 nan nan
6447 -9999 53.16900 -27.77587 4.80964 nan nan
6455 -9999 53.16611 -27.79320 5.32203 nan nan
6460 -9999 53.16096 -27.79298 4.75159 nan nan
6533 -9999 53.17283 -27.77709 4.88966 nan nan
6660 10158 53.16630 -27.78226 3.48697 53.16629 -27.78224
6666 24954 53.15954 -27.77676 3.43835 53.15958 -27.77672
6682 9618 53.17000 -27.77687 5.05418 53.16990 -27.77687
6684 25197 53.16339 -27.78147 4.73836 53.16347 -27.78144
6686 8524 53.16580 -27.77531 4.38285 53.16584 -27.77532
6688 9479 53.16617 -27.77537 3.26184 53.16615 -27.77532
6690 5074 53.16029 -27.78629 3.75022 53.16009 -27.78614
6696 6784 53.16591 -27.78473 4.21331 53.16587 -27.78471
6698 4451 53.16944 -27.78637 4.13641 53.16938 -27.78631
6700 10018 53.16828 -27.78104 2.99836 53.16828 -27.78106
6702 24953 53.16310 -27.77687 3.71528 53.16309 -27.77685
6929 -9999 53.16240 -27.77932 3.72021 nan nan
6931 9386 53.16347 -27.77454 5.82479 53.16340 -27.77451
6999 22922 53.15960 -27.79131 3.43050 53.15960 -27.79127
7073 23124 53.16233 -27.79300 3.59448 53.16233 -27.79300
7089 5479 53.15814 -27.79143 4.15593 53.15815 -27.79145
7091 7067 53.17339 -27.78392 4.40555 53.17331 -27.78382
7167 -9999 53.17421 -27.78999 3.71022 nan nan
7175 7240 53.17591 -27.78265 4.17643 53.17590 -27.78269
7187 5018 53.16919 -27.78926 3.04178 53.16923 -27.78920
7259 22574 53.17446 -27.78842 4.13601 53.17444 -27.78836
7297 6954 53.17616 -27.78409 3.66418 53.17619 -27.78412
7299 9617 53.17189 -27.77688 5.05404 53.17177 -27.77692
7331 6173 53.16410 -27.79426 5.73766 53.16405 -27.79422
7337 4696 53.16906 -27.78765 5.47153 53.16902 -27.78762
7355 5350 53.16969 -27.79076 3.55619 53.16963 -27.79074
7367 5052 53.15895 -27.78932 4.73887 53.15890 -27.78929
7396 -9999 53.15964 -27.77693 4.77290 nan nan
7583 9903 53.16303 -27.77948 2.99676 53.16306 -27.77942
7586 6666 53.16724 -27.78537 3.06767 53.16729 -27.78538
7587 6837 53.15805 -27.78459 3.17345 53.15801 -27.78460
7588 7133 53.16843 -27.78326 3.33008 53.16844 -27.78319
7589 9810 53.16441 -27.77848 5.35837 53.16439 -27.77845
7592 8407 53.17032 -27.77659 3.55455 53.17030 -27.77656
7596 6589 53.15246 -27.78518 4.23260 53.15243 -27.78523
7598 9812 53.16058 -27.77876 4.39248 53.16052 -27.77874
7605 6819 53.16573 -27.78493 5.47284 53.16572 -27.78485
7606 7670 53.16774 -27.78054 5.56886 53.16769 -27.78051
7608 6574 53.16680 -27.78587 5.89898 53.16675 -27.78585
7610 9973 53.16460 -27.78043 6.09619 53.16460 -27.78040
7614 23762 53.15600 -27.78087 6.31640 53.15601 -27.78091
7641 -9999 53.15782 -27.78098 2.99784 nan nan
7655 -9999 53.15613 -27.77898 3.60979 nan nan
7664 -9999 53.16749 -27.77693 3.92080 nan nan
7666 -9999 53.15866 -27.78689 4.13530 nan nan
7671 -9999 53.16291 -27.77926 4.52743 nan nan
7672 4541 53.17082 -27.78698 4.55557 53.17082 -27.78695
7675 -9999 53.15481 -27.78482 4.75508 nan nan
7676 -9999 53.15380 -27.78498 4.77225 nan nan
7700 -9999 53.16354 -27.78143 5.68298 nan nan
7730 4993 53.15594 -27.78904 3.17891 53.15584 -27.78904
7760 6377 53.16454 -27.79515 3.44296 53.16451 -27.79512
7817 4453 53.17289 -27.78637 4.13741 53.17284 -27.78634
7822 5705 53.17384 -27.79240 4.18219 53.17360 -27.79247
7823 6264 53.17409 -27.78509 4.17729 53.17404 -27.78509
7890 9868 53.17415 -27.77959 4.97757 53.17410 -27.77960
7941 -9999 53.17201 -27.79209 5.58517 nan nan
7953 -9999 53.17559 -27.78454 5.76785 nan nan
7970 5111 53.15638 -27.78954 5.93399 53.15636 -27.78956
8139 8382 53.16655 -27.77670 3.06853 53.16651 -27.77664
8141 5657 53.16617 -27.79215 4.11256 53.16610 -27.79214
8142 5749 53.16354 -27.79248 4.22951 53.16350 -27.79245
8151 -9999 53.15939 -27.78520 3.69730 nan nan
8152 -9999 53.15914 -27.78120 4.76209 nan nan
8160 -9999 53.17114 -27.79098 5.28501 nan nan
8163 -9999 53.16913 -27.79326 5.97437 nan nan
8168 9845 53.16850 -27.77909 2.87007 53.16839 -27.77910
8171 5206 53.17358 -27.79020 5.05870 53.17353 -27.79015
8173 10507 53.15914 -27.78782 4.75150 53.15913 -27.78780
8175 -9999 53.16209 -27.79437 5.05964 nan nan
8176 10221 53.16649 -27.78304 4.92380 53.16646 -27.78297
8182 -9999 53.16627 -27.79107 5.13761 nan nan
8184 -9999 53.16284 -27.77865 4.77163 nan nan
8187 -9999 53.16140 -27.78537 4.75199 nan nan
8189 10225 53.17226 -27.78292 2.87066 53.17226 -27.78285
8190 -9999 53.16159 -27.78515 5.79044 nan nan
8195 -9999 53.16467 -27.78754 5.77768 nan nan
8198 -9999 53.15883 -27.78332 4.53933 nan nan
8200 -9999 53.16065 -27.78226 5.01381 nan nan
8203 -9999 53.16686 -27.78093 5.78782 nan nan
8205 -9999 53.15606 -27.78259 4.44493 nan nan
8211 -9999 53.16347 -27.78004 6.00339 nan nan
8214 6846 53.17339 -27.78459 6.63807 53.17332 -27.78457
8216 -9999 53.16040 -27.78837 4.59801 nan nan
8218 -9999 53.15989 -27.79332 5.14854 nan nan
8219 -9999 53.16994 -27.78209 5.89878 nan nan
8221 -9999 53.15694 -27.78365 5.48621 nan nan
8224 -9999 53.16555 -27.78737 4.75306 nan nan
8225 -9999 53.15694 -27.78793 4.92657 nan nan
8230 -9999 53.17358 -27.78592 5.04592 nan nan
8231 -9999 53.17283 -27.78515 4.53330 nan nan
8236 5331 53.16963 -27.79059 3.43337 53.16968 -27.79064
8241 4778 53.16925 -27.78809 2.93193 53.16919 -27.78807
8246 -9999 53.16529 -27.78026 3.00005 nan nan
8248 9962 53.17270 -27.78020 2.98241 53.17266 -27.78017
8252 4443 53.15701 -27.78632 3.28907 53.15680 -27.78632
8254 -9999 53.15531 -27.78959 4.04148 nan nan
8257 -9999 53.15914 -27.78148 3.49601 nan nan
8262 10344 53.17007 -27.78476 4.06501 53.17005 -27.78474
8264 -9999 53.15895 -27.79232 5.90517 nan nan
8271 6630 53.17296 -27.78565 4.13714 53.17293 -27.78552
8273 7308 53.15368 -27.78137 4.30622 53.15363 -27.78136
8274 -9999 53.16605 -27.78376 3.45581 nan nan
8276 4911 53.15682 -27.78865 4.04957 53.15684 -27.78864
8279 -9999 53.16479 -27.79409 3.76053 nan nan
8283 -9999 53.15945 -27.79243 3.94955 nan nan
8284 -9999 53.16818 -27.79081 3.70743 nan nan
8286 -9999 53.16523 -27.78059 4.59835 nan nan
8287 7272 53.17559 -27.78342 4.40884 53.17559 -27.78337
8288 10119 53.15952 -27.78170 3.66622 53.15946 -27.78168
8292 -9999 53.15964 -27.78382 4.51204 nan nan
8296 -9999 53.16774 -27.78926 4.55289 nan nan
8302 8206 53.16146 -27.77793 4.39210 53.16136 -27.77795
8303 -9999 53.16391 -27.78981 4.43691 nan nan
8304 -9999 53.16448 -27.79276 4.49912 nan nan
8306 6483 53.15474 -27.78626 4.51114 53.15471 -27.78620
8307 -9999 53.16021 -27.78665 4.14096 nan nan
8308 6973 53.16197 -27.78415 4.16084 53.16200 -27.78408
8312 -9999 53.16423 -27.79037 3.94309 nan nan
8316 -9999 53.16479 -27.77743 4.73697 nan nan
8317 5867 53.16687 -27.79298 4.37803 53.16688 -27.79299
8318 -9999 53.17044 -27.77881 3.46842 nan nan
8320 -9999 53.16442 -27.79015 3.19363 nan nan
8321 5265 53.17151 -27.79037 4.37313 53.17136 -27.79037
8323 6301 53.16423 -27.79493 3.19405 53.16421 -27.79485
8327 5129 53.16525 -27.78975 3.70924 53.16516 -27.78976
8328 -9999 53.16090 -27.78798 4.70566 nan nan
8329 6855 53.17019 -27.78459 3.72180 53.17021 -27.78457
8331 5785 53.16586 -27.79270 4.11256 53.16577 -27.79266
8332 7847 53.16585 -27.77990 2.99870 53.16574 -27.77982
8338 4985 53.15631 -27.78882 3.17849 53.15623 -27.78882
8339 4764 53.16982 -27.78837 3.19164 53.16965 -27.78808
8346 25223 53.15732 -27.78787 3.60930 53.15770 -27.78219
8355 4508 53.17057 -27.78663 4.13557 53.17049 -27.78661
8360 5177 53.16693 -27.79004 3.06175 53.16694 -27.78998
8364 -9999 53.17000 -27.78120 3.04602 nan nan
8365 4528 53.15487 -27.78670 4.77145 53.15488 -27.78674
8366 5304 53.16429 -27.79070 2.89342 53.16430 -27.79061
8371 5774 53.15902 -27.79259 5.90515 53.15899 -27.79260
8373 -9999 53.16065 -27.78515 4.94067 nan nan
8375 10248 53.16385 -27.78331 4.13747 53.16382 -27.78333
8377 22490 53.16517 -27.78798 3.00045 53.16499 -27.78778
8378 10088 53.15908 -27.78154 3.08617 53.15901 -27.78148
8386 -9999 53.16058 -27.78437 3.17338 nan nan
8390 -9999 53.16705 -27.78987 3.06208 nan nan
8395 5321 53.16473 -27.79076 3.19328 53.16464 -27.79062
8397 5369 53.16109 -27.78987 4.59731 53.16108 -27.78986
8406 5113 53.15757 -27.78959 3.02031 53.15777 -27.78959
8413 10169 53.17044 -27.78237 3.72504 53.17041 -27.78232
8415 -9999 53.16875 -27.78665 3.10029 nan nan
8419 6835 53.17113 -27.78465 5.05379 53.17113 -27.78459
8422 -9999 53.16096 -27.79354 3.69869 nan nan
8431 10524 53.16492 -27.78848 5.90015 53.16491 -27.78843
8435 -9999 53.16969 -27.79120 4.37333 nan nan
8436 -9999 53.16718 -27.78809 4.55151 nan nan
8439 5238 53.16643 -27.79026 3.41464 53.16644 -27.79026
8441 4671 53.15952 -27.78748 3.08685 53.15949 -27.78746
8444 10215 53.16253 -27.78420 3.74486 53.16249 -27.78415
8450 -9999 53.16297 -27.78754 3.74477 nan nan
8454 -9999 53.16153 -27.78876 3.60389 nan nan
8455 5164 53.16617 -27.78998 3.41373 53.16615 -27.78993
8457 5890 53.15989 -27.79309 3.99221 53.15986 -27.79309
8465 4587 53.16933 -27.78704 3.00068 53.16933 -27.78704
8469 4838 53.16738 -27.78524 3.06405 53.16738 -27.78524
8470 22224 53.15935 -27.78517 3.69807 53.15935 -27.78517
8483 5281 53.16417 -27.79029 3.94367 53.16417 -27.79029
8484 5984 53.16088 -27.79352 3.69912 53.16088 -27.79352
8507 25272 53.16224 -27.78362 3.76097 53.16224 -27.78362
8518 22386 53.17123 -27.78689 2.92868 53.17123 -27.78689
8522 9944 53.16638 -27.77984 2.99385 53.16638 -27.77984
8523 22432 53.17108 -27.78717 2.93046 53.17108 -27.78717
8524 22445 53.17361 -27.78736 2.99845 53.17361 -27.78736
